0.000000e+00 -1.000000e-04 3.680856e-272
0.000000e+00 -8.000000e-05 1.915170e-174
0.000000e+00 -6.000000e-05 1.921948e-98
0.000000e+00 -4.000000e-05 3.720076e-44
0.000000e+00 -2.000000e-05 1.388794e-11
0.000000e+00 0.000000e+00 1.000000e+00
0.000000e+00 2.000000e-05 1.388794e-11
0.000000e+00 4.000000e-05 3.720076e-44
0.000000e+00 6.000000e-05 1.921948e-98
0.000000e+00 8.000000e-05 1.915170e-174

1.600000e-04 -1.000000e-04 2.647906e-03
1.600000e-04 -8.000000e-05 2.927641e-03
1.600000e-04 -6.000000e-05 4.046874e-03
1.600000e-04 -4.000000e-05 7.671087e-03
1.600000e-04 -2.000000e-05 2.770815e-02
1.600000e-04 0.000000e+00 9.991446e-01
1.600000e-04 2.000000e-05 2.770815e-02
1.600000e-04 4.000000e-05 7.671087e-03
1.600000e-04 6.000000e-05 4.046874e-03
1.600000e-04 8.000000e-05 2.927641e-03

3.200000e-04 -1.000000e-04 5.299359e-03
3.200000e-04 -8.000000e-05 5.860335e-03
3.200000e-04 -6.000000e-05 8.106574e-03
3.200000e-04 -4.000000e-05 1.539361e-02
3.200000e-04 -2.000000e-05 5.532699e-02
3.200000e-04 0.000000e+00 9.965820e-01
3.200000e-04 2.000000e-05 5.532699e-02
3.200000e-04 4.000000e-05 1.539361e-02
3.200000e-04 6.000000e-05 8.106574e-03
3.200000e-04 8.000000e-05 5.860335e-03

4.800000e-04 -1.000000e-04 7.957921e-03
4.800000e-04 -8.000000e-05 8.803155e-03
4.800000e-04 -6.000000e-05 1.219195e-02
4.800000e-04 -4.000000e-05 2.321746e-02
4.800000e-04 -2.000000e-05 8.276761e-02
4.800000e-04 0.000000e+00 9.923232e-01
4.800000e-04 2.000000e-05 8.276761e-02
4.800000e-04 4.000000e-05 2.321746e-02
4.800000e-04 6.000000e-05 1.219195e-02
4.800000e-04 8.000000e-05 8.803155e-03

6.400000e-04 -1.000000e-04 1.062718e-02
6.400000e-04 -8.000000e-05 1.176122e-02
6.400000e-04 -6.000000e-05 1.631593e-02
6.400000e-04 -4.000000e-05 3.118952e-02
6.400000e-04 -2.000000e-05 1.099418e-01
6.400000e-04 0.000000e+00 9.863863e-01
6.400000e-04 2.000000e-05 1.099418e-01
6.400000e-04 4.000000e-05 3.118952e-02
6.400000e-04 6.000000e-05 1.631593e-02
6.400000e-04 8.000000e-05 1.176122e-02

8.000000e-04 -1.000000e-04 1.331077e-02
8.000000e-04 -8.000000e-05 1.473971e-02
8.000000e-04 -6.000000e-05 2.049146e-02
8.000000e-04 -4.000000e-05 3.935237e-02
8.000000e-04 -2.000000e-05 1.367627e-01
8.000000e-04 0.000000e+00 9.787968e-01
8.000000e-04 2.000000e-05 1.367627e-01
8.000000e-04 4.000000e-05 3.935237e-02
8.000000e-04 6.000000e-05 2.049146e-02
8.000000e-04 8.000000e-05 1.473971e-02

9.600000e-04 -1.000000e-04 1.601237e-02
9.600000e-04 -8.000000e-05 1.774389e-02
9.600000e-04 -6.000000e-05 2.473161e-02
9.600000e-04 -4.000000e-05 4.774316e-02
9.600000e-04 -2.000000e-05 1.631448e-01
9.600000e-04 0.000000e+00 9.695872e-01
9.600000e-04 2.000000e-05 1.631448e-01
9.600000e-04 4.000000e-05 4.774316e-02
9.600000e-04 6.000000e-05 2.473161e-02
9.600000e-04 8.000000e-05 1.774389e-02

1.120000e-03 -1.000000e-04 1.873575e-02
1.120000e-03 -8.000000e-05 2.077913e-02
1.120000e-03 -6.000000e-05 2.904944e-02
1.120000e-03 -4.000000e-05 5.639287e-02
1.120000e-03 -2.000000e-05 1.890044e-01
1.120000e-03 0.000000e+00 9.587972e-01
1.120000e-03 2.000000e-05 1.890044e-01
1.120000e-03 4.000000e-05 5.639287e-02
1.120000e-03 6.000000e-05 2.904944e-02
1.120000e-03 8.000000e-05 2.077913e-02

1.280000e-03 -1.000000e-04 2.148474e-02
1.280000e-03 -8.000000e-05 2.385092e-02
1.280000e-03 -6.000000e-05 3.345803e-02
1.280000e-03 -4.000000e-05 6.532563e-02
1.280000e-03 -2.000000e-05 2.142605e-01
1.280000e-03 0.000000e+00 9.464734e-01
1.280000e-03 2.000000e-05 2.142605e-01
1.280000e-03 4.000000e-05 6.532563e-02
1.280000e-03 6.000000e-05 3.345803e-02
1.280000e-03 8.000000e-05 2.385092e-02

1.440000e-03 -1.000000e-04 2.426329e-02
1.440000e-03 -8.000000e-05 2.696488e-02
1.440000e-03 -6.000000e-05 3.797034e-02
1.440000e-03 -4.000000e-05 7.455849e-02
1.440000e-03 -2.000000e-05 2.388342e-01
1.440000e-03 0.000000e+00 9.326693e-01
1.440000e-03 2.000000e-05 2.388342e-01
1.440000e-03 4.000000e-05 7.455849e-02
1.440000e-03 6.000000e-05 3.797034e-02
1.440000e-03 8.000000e-05 2.696488e-02

